0 v 0 1
0 t 0
0 e 1 2
1 v 0 3
1 t 0
1 e 0 3 6
2 v 1 4
2 t 0
2 e 0 4 7
3 v 2 3
3 t 1
3 e 1 5 6
4 v 4 5
4 t 2
4 e 2 7 8
5 v 2 7
5 t 1
5 e 3 9 13
6 v 3 8
6 t 0 1
6 e 1 3 10 14
7 v 4 9
7 t 0 2
7 e 2 4 10 15
8 v 5 10
8 t 2
8 e 4 11 16
9 v 6 7
9 t 3
9 e 5 12 13
10 v 8 9
10 t 0 4
10 e 6 7 14 15
11 v 10 11
11 t 5
11 e 8 16 17
12 v 6 12
12 t 3
12 e 9 20
13 v 7 13
13 t 1 3
13 e 5 9 18 21
14 v 8 14
14 t 1 4
14 e 6 10 18 22
15 v 9 15
15 t 2 4
15 e 7 10 19 23
16 v 10 16
16 t 2 5
16 e 8 11 19 24
17 v 11 17
17 t 5
17 e 11 25
18 v 13 14
18 t 1 6
18 e 13 14 21 22
19 v 15 16
19 t 2 7
19 e 15 16 23 24
20 v 12 18
20 t 3
20 e 12 26 29
21 v 13 19
21 t 3 6
21 e 13 18 26 30
22 v 14 20
22 t 4 6
22 e 14 18 27 31
23 v 15 21
23 t 4 7
23 e 15 19 27 32
24 v 16 22
24 t 5 7
24 e 16 19 28 33
25 v 17 23
25 t 5
25 e 17 28 34
26 v 18 19
26 t 3 8
26 e 20 21 29 30
27 v 20 21
27 t 4 9
27 e 22 23 31 32
28 v 22 23
28 t 5 10
28 e 24 25 33 34
29 v 18 24
29 t 8
29 e 20 26 37
30 v 19 25
30 t 6 8
30 e 21 26 35 38
31 v 20 26
31 t 6 9
31 e 22 27 35 39
32 v 21 27
32 t 7 9
32 e 23 27 36 40
33 v 22 28
33 t 7 10
33 e 24 28 36 41
34 v 23 29
34 t 10
34 e 25 28 42
35 v 25 26
35 t 6 11
35 e 30 31 38 39
36 v 27 28
36 t 7 12
36 e 32 33 40 41
37 v 24 30
37 t 8
37 e 29 43 46
38 v 25 31
38 t 8 11
38 e 30 35 43 47
39 v 26 32
39 t 9 11
39 e 31 35 44 48
40 v 27 33
40 t 9 12
40 e 32 36 44 49
41 v 28 34
41 t 10 12
41 e 33 36 45 50
42 v 29 35
42 t 10
42 e 34 45 51
43 v 30 31
43 t 8 13
43 e 37 38 46 47
44 v 32 33
44 t 9 14
44 e 39 40 48 49
45 v 34 35
45 t 10 15
45 e 41 42 50 51
46 v 30 36
46 t 13
46 e 37 43 54
47 v 31 37
47 t 11 13
47 e 38 43 52 55
48 v 32 38
48 t 11 14
48 e 39 44 52 56
49 v 33 39
49 t 12 14
49 e 40 44 53 57
50 v 34 40
50 t 12 15
50 e 41 45 53 58
51 v 35 41
51 t 15
51 e 42 45 59
52 v 37 38
52 t 11 16
52 e 47 48 55 56
53 v 39 40
53 t 12 17
53 e 49 50 57 58
54 v 36 42
54 t 13
54 e 46 60
55 v 37 43
55 t 13 16
55 e 47 52 60 63
56 v 38 44
56 t 14 16
56 e 48 52 61 64
57 v 39 45
57 t 14 17
57 e 49 53 61 65
58 v 40 46
58 t 15 17
58 e 50 53 62 66
59 v 41 47
59 t 15
59 e 51 62
60 v 42 43
60 t 13
60 e 54 55 63
61 v 44 45
61 t 14 18
61 e 56 57 64 65
62 v 46 47
62 t 15
62 e 58 59 66
63 v 43 48
63 t 16
63 e 55 60 67
64 v 44 49
64 t 16 18
64 e 56 61 67 69
65 v 45 50
65 t 17 18
65 e 57 61 68 70
66 v 46 51
66 t 17
66 e 58 62 68
67 v 48 49
67 t 16
67 e 64 64 69
68 v 50 51
68 t 17
68 e 65 66 70
69 v 49 52
69 t 18
69 e 64 67 71
70 v 50 53
70 t 18
70 e 65 68 71
71 v 52 53
71 t 18
71 e 69 70
