0 v 0 1 3 4 8 9
0 e 0 1 2 6 7 10
1 v 2 3 7 8 13 14
1 e 3 5 6 13 14 18
2 v 4 5 9 10 15 16
2 e 4 7 8 15 16 19
3 v 6 7 12 13 18 19
3 e 9 12 13 20 21 26
4 v 8 9 14 15 20 21
4 e 10 14 15 22 23 27
5 v 10 11 16 17 22 23
5 e 11 16 17 24 25 28
6 v 13 14 19 20 25 26
6 e 18 21 22 30 31 35
7 v 15 16 21 22 27 28
7 e 19 23 24 32 33 36
8 v 18 19 24 25 30 31
8 e 26 29 30 37 38 43
9 v 20 21 26 27 32 33
9 e 27 31 32 39 40 44
10 v 22 23 28 29 34 35
10 e 28 33 34 41 42 45
11 v 25 26 31 32 37 38
11 e 35 38 39 47 48 52
12 v 27 28 33 34 39 40
12 e 36 40 41 49 50 53
13 v 30 31 36 37 42 43
13 e 43 46 47 54 55 60
14 v 32 33 38 39 44 45
14 e 44 48 49 56 57 61
15 v 34 35 40 41 46 47
15 e 45 50 51 58 59 62
16 v 37 38 43 44 48 49
16 e 52 55 56 63 64 67
17 v 39 40 45 46 50 51
17 e 53 57 58 65 66 68
18 v 44 45 49 50 52 53
18 e 61 64 65 69 70 71
