0 e 0 1
0 t 0
0 v 1 3
1 e 0 2
1 t 0
1 v 0 4
2 e 3 5
2 t 1
2 v 3 7
3 e 1 3 6
3 t 0 1
3 v 0 2 8
4 e 2 4 7
4 t 0 2
4 v 1 5 9
5 e 4 8
5 t 2
5 v 4 10
6 e 9 12
6 t 3
6 v 7 12
7 e 5 9 13
7 t 1 3
7 v 2 6 13
8 e 6 10 14
8 t 0 1 4
8 v 3 9 14
9 e 7 10 15
9 t 0 2 4
9 v 4 8 15
10 e 8 11 16
10 t 2 5
10 v 5 11 16
11 e 11 17
11 t 5
11 v 10 17
12 e 12 20
12 t 3
12 v 6 18
13 e 13 18 21
13 t 1 3 6
13 v 7 14 19
14 e 14 18 22
14 t 1 4 6
14 v 8 13 20
15 e 15 19 23
15 t 2 4 7
15 v 9 16 21
16 e 16 19 24
16 t 2 5 7
16 v 10 15 22
17 e 17 25
17 t 5
17 v 11 23
18 e 20 26 29
18 t 3 8
18 v 12 19 24
19 e 21 26 30
19 t 3 6 8
19 v 13 18 25
20 e 22 27 31
20 t 4 6 9
20 v 14 21 26
21 e 23 27 32
21 t 4 7 9
21 v 15 20 27
22 e 24 28 33
22 t 5 7 10
22 v 16 23 28
23 e 25 28 34
23 t 5 10
23 v 17 22 29
24 e 29 37
24 t 8
24 v 18 30
25 e 30 35 38
25 t 6 8 11
25 v 19 26 31
26 e 31 35 39
26 t 6 9 11
26 v 20 25 32
27 e 32 36 40
27 t 7 9 12
27 v 21 28 33
28 e 33 36 41
28 t 7 10 12
28 v 22 27 34
29 e 34 42
29 t 10
29 v 23 35
30 e 37 43 46
30 t 8 13
30 v 24 31 36
31 e 38 43 47
31 t 8 11 13
31 v 25 30 37
32 e 39 44 48
32 t 9 11 14
32 v 26 33 38
33 e 40 44 49
33 t 9 12 14
33 v 27 32 39
34 e 41 45 50
34 t 10 12 15
34 v 28 35 40
35 e 42 45 51
35 t 10 15
35 v 29 34 41
36 e 46 54
36 t 13
36 v 30 42
37 e 47 52 55
37 t 11 13 16
37 v 31 38 43
38 e 48 52 56
38 t 11 14 16
38 v 32 37 44
39 e 49 53 57
39 t 12 14 17
39 v 33 40 45
40 e 50 53 58
40 t 12 15 17
40 v 34 39 46
41 e 51 59
41 t 15
41 v 35 47
42 e 54 60
42 t 13
42 v 36 43
43 e 55 60 63
43 t 13 16
43 v 37 42 48
44 e 56 61 54
44 t 14 16 18
44 v 38 45 49
45 e 57 61 65
45 t 14 17 18
45 v 39 44 50
46 e 58 62 66
46 t 15 17
46 v 40 47 51
47 e 59 62
47 t 15
47 v 41 46
48 e 63 67
48 t 16
48 v 43 49
49 e 64 67 69
49 t 16 18
49 v 44 48 52
50 e 65 68 70
50 t 17 18
50 v 45 51 53
51 e 66 68
51 t 17
51 v 46 50
52 e 69 71
52 t 18
52 v 49 53
53 e 70 71
53 t 18
53 v 50 52
